5.563000000000000000e+03
2.000000000000000000e+00
7.200000000000000000e+01
5.300000000000000000e+01
1.000000000000000000e+00
0.000000000000000000e+00
3.020000000000000000e+02
0.000000000000000000e+00
7.000000000000000000e+00
0.000000000000000000e+00
0.000000000000000000e+00
5.975000000000000000e+03
0.000000000000000000e+00
1.900000000000000000e+01
3.000000000000000000e+00
0.000000000000000000e+00
2.000000000000000000e+00
0.000000000000000000e+00
1.000000000000000000e+00
0.000000000000000000e+00
4.800000000000000000e+01
1.000000000000000000e+00
5.674000000000000000e+03
2.700000000000000000e+01
1.250000000000000000e+02
0.000000000000000000e+00
1.250000000000000000e+02
0.000000000000000000e+00
0.000000000000000000e+00
0.000000000000000000e+00
4.700000000000000000e+01
6.000000000000000000e+00
1.500000000000000000e+01
5.807000000000000000e+03
6.900000000000000000e+01
0.000000000000000000e+00
5.600000000000000000e+01
0.000000000000000000e+00
0.000000000000000000e+00
0.000000000000000000e+00
2.000000000000000000e+00
1.000000000000000000e+00
1.920000000000000000e+02
9.600000000000000000e+01
5.543000000000000000e+03
0.000000000000000000e+00
1.630000000000000000e+02
0.000000000000000000e+00
3.000000000000000000e+00
0.000000000000000000e+00
0.000000000000000000e+00
0.000000000000000000e+00
0.000000000000000000e+00
0.000000000000000000e+00
0.000000000000000000e+00
5.974000000000000000e+03
0.000000000000000000e+00
2.100000000000000000e+01
0.000000000000000000e+00
5.000000000000000000e+00
3.320000000000000000e+02
2.000000000000000000e+00
1.990000000000000000e+02
8.600000000000000000e+01
1.620000000000000000e+02
0.000000000000000000e+00
5.214000000000000000e+03
1.000000000000000000e+00
3.000000000000000000e+00
1.000000000000000000e+00
0.000000000000000000e+00
0.000000000000000000e+00
0.000000000000000000e+00
0.000000000000000000e+00
0.000000000000000000e+00
3.000000000000000000e+00
0.000000000000000000e+00
5.962000000000000000e+03
0.000000000000000000e+00
3.500000000000000000e+01
0.000000000000000000e+00
0.000000000000000000e+00
0.000000000000000000e+00
1.000000000000000000e+00
4.000000000000000000e+00
0.000000000000000000e+00
2.000000000000000000e+00
0.000000000000000000e+00
5.993000000000000000e+03
0.000000000000000000e+00
0.000000000000000000e+00
0.000000000000000000e+00
0.000000000000000000e+00
0.000000000000000000e+00
0.000000000000000000e+00
4.000000000000000000e+00
0.000000000000000000e+00
1.340000000000000000e+02
0.000000000000000000e+00
5.862000000000000000e+03
